
Test ./recv/nethuns-perf_recv started with parameters 
* interface: vale0:0 
* numpackets: 1024 
* packetsize: 0 

220513356
220105492
220440736
219085949
219862736
218601488
219914416
218972764
219879394
218575128
219758076
218868384
219544502
219199908
219167899
219670671
218663183
219564742
219196709
219481529
219051229
218955839
219787815
218663359
219903528
218898357
219664355
218818660
219366718
219423334
218984262
219671178
218909052
219963903
219006171
219361084
219190413
218816473
219520592
218990922
219446298
218999052
219033960
219596666
218629727
219821142
218342210
219337098
219500925
218647087
219982795
218833642
219244268
218461222
219585309
219406558
219648975
219016330
218885552
219283473
