Test ./recv/perf_recv started with parameters: 
Args {
    interface: "vale0:0",
    numpackets: 1024,
    packetsize: 0,
}
220935659
221020693
220795044
220769865
221186510
220463402
221184698
220435744
221566311
220457827
220837359
220787220
220760774
221242789
220149363
221237532
220240752
221297162
220197513
221357036
220349341
221474681
220307314
221094728
220676744
220238862
221372903
220354337
221365490
220375826
220629166
221274670
220355018
221183174
220025082
221473203
220133499
221265356
220438893
220430220
220469440
220594689
219066374
220513642
218477972
220668465
220369082
220283689
221033726
219957220
220840068
220727408
220616526
220117413
219007982
219433313
221100118
220033156
221041653
220409699
