
Test ./send/nethuns-perf_send started with parameters 
* interface: enp2s0f0 
* batch_size: 1024 
* zero-copy:  OFF 
* numpackets: 1024 
* packetsize: 0 

147502195
147388707
147367492
147459065
147351385
147537172
147353451
147490936
147362072
147480943
147345138
147462464
147316265
147459213
147372112
147359092
147466625
147369765
147419071
147403935
147404533
147466246
147390935
147544778
147346952
147446774
147412929
147363332
147505950
147359222
147457088
147437387
147385074
147440170
147420967
147424921
147355855
147481961
147382386
147604812
147380148
147518534
147362890
147513802
147373071
147492416
147390124
147369302
147541456
147336529
147481872
147383464
147477913
147375080
147522604
147408227
147483719
147427884
147376827
147528077
