Test ./send/perf_send started with parameters: 
Args {
    interface: "enp2s0f0",
    batch_size: 1024,
    zerocopy: false,
    numpackets: 1024,
    packetsize: 0,
}
147456524
147507289
147481593
147505642
147508406
147421215
147554856
147439406
147517171
147479508
147485957
147544759
147460615
147577821
147458752
147542010
147437132
147585612
147441238
147590907
147445896
147508521
147525178
147438410
147661701
147456303
147511784
147582521
147404086
147561529
147430489
147536832
147486382
147435732
147539462
147409024
147610428
147422520
147471477
147513079
147476803
147527593
147443332
147526918
147475756
147537877
147404884
147594893
147407788
147486401
147483916
147422027
147538948
147430956
147620734
147408528
147577483
147420138
147584690
147455220
