
Test ../bin/nethuns-perf_recv started with parameters 
* interface: enp2s0f0 
* numpackets: 1024 
* packetsize: 0 

148558536
148164052
148244301
148464247
148376556
148474892
148490116
148405408
148497294
148228042
148425812
148501264
148428128
148520032
148353951
148402208
148344901
148455012
148285008
148556170
148550022
148520444
148420108
148499464
148318088
148528472
148323168
148556315
148349141
148504356
148340431
148408301
148533356
148348539
148436437
148274514
148549137
148365525
148431380
148388400
148391221
148519883
148362092
148475993
148230221
148390142
148387031
148367360
148498126
148406179
148406072
148465652
148331584
148366636
148239995
148391873
148211176
148433424
148364092
148328324
