Test ../bin/perf_recv started with parameters: 
Args {
    interface: "enp2s0f0",
    numpackets: 1024,
    packetsize: 0,
}
148913152
148737024
148802560
148581376
148742144
148643840
148733952
148702208
148734976
148692992
148672512
148738048
148719616
148793344
148617216
148802560
148676608
148799488
148702208
148803584
148751360
148757504
148798464
148570112
148790272
148639744
148803584
148680704
148774912
148672512
148583424
148656128
148618240
148781056
148603904
148580352
148674560
148604928
148637696
148788224
148592640
148756480
148657152
148749312
148696064
148724736
148676608
148663296
148727808
148663296
148677632
148671488
148632576
148803584
148635648
148636672
148806656
148679680
148632576
148792320
