
Test ../bin/nethuns-perf_send started with parameters 
* interface: enp2s0f0 
* batch_size: 1024 
* zero-copy:  OFF 
* numpackets: 1024 
* packetsize: 0 

145041025
144759164
144932355
144749031
144817545
144879000
144711912
144935438
144750809
144969033
144719016
144790876
144925005
144706138
144936303
144724482
144817216
144853365
144850277
144862946
144811288
144877009
144745037
144795018
144923009
144763032
144925419
144713913
144735587
144922219
144735649
144722544
144925998
144730437
144820976
144843527
144819976
144878338
144786864
144941878
144744319
144742487
144865382
144845528
144711006
144910733
144737507
144729991
144919171
144766944
144740056
144945180
144746510
144725762
144697802
144911578
144771205
144913721
144778837
144869003
