Test ../bin/perf_send started with parameters: 
Args {
    interface: "enp2s0f0",
    batch_size: 1024,
    zerocopy: false,
    numpackets: 1024,
    packetsize: 0,
}
144750592
144881664
144824320
144840704
144834560
144784384
144916480
144751616
144905216
144740352
144910336
144718848
144738304
144899072
144711680
144898048
144739328
144925696
144704512
144790528
144841728
144752640
144930816
144686080
144955392
144715776
144718848
144961536
144779264
144966656
144738304
144865280
144830464
144768000
144911360
144814080
144896000
144826368
144910336
144816128
144909312
144806912
144899072
144734208
144892928
144808960
144742400
144739328
144877568
144835584
144761856
144916480
144734208
144827392
144852992
144776192
144911360
144727040
144918528
144742400
