
Test ../bin/nethuns-perf_recv started with parameters 
* interface: ens1f1 
* numpackets: 1024 
* packetsize: 0 

415163456
414739024
414314376
413469517
414187074
413811024
414073607
413111898
413697561
413690939
414253005
413486722
414225853
413579380
414254265
413759463
414239377
413610914
414087077
413724179
414016493
413674853
413369607
413901945
413425363
414049164
413579760
414114568
413783988
413455852
414131684
412967067
413667091
412787534
413857788
413103592
412946486
412654404
412660218
411835012
413674482
412745750
412403414
412717528
413639702
413398775
413072943
413642332
412380943
413718370
412745626
413696393
413717398
413436684
413876858
412962913
413189872
413431441
412850602
412746266
