Test ./send/perf_send started with parameters: 
Args {
    interface: "ens1f1",
    batch_size: 1024,
    zerocopy: false,
    numpackets: 1024,
    packetsize: 0,
}
283996160
285061120
285026304
285044736
285030400
285002752
284996608
285061120
285071360
285049856
285020160
285000704
284709888
285085696
285126656
285149184
285135872
284618752
285104128
285159424
285116416
285032448
285033472
285097984
285100032
285087744
285045760
285096960
285080576
285063168
285059072
285108224
285100032
285107200
285085696
285068288
285114368
285113344
285111296
285060096
285073408
285083648
285061120
285113344
284951552
284981248
285180928
285069312
285090816
285046784
284952576
285061120
285054976
284922880
284986368
284949504
285015040
284890112
284977152
284868608
