
Test ./send/nethuns-perf_send started with parameters 
* interface: ens1f1 
* batch_size: 1024 
* zero-copy:  OFF 
* numpackets: 1024 
* packetsize: 0 

312537895
313471593
313406286
313465964
313424808
313447533
313574361
313518610
313444746
313454210
313472414
313412877
313444380
313509423
313472856
313429688
313323388
313379617
313489928
313409943
313353226
313396230
313472026
313428003
313366992
313464385
313408381
313319821
313385205
313450348
313427489
313512945
313378802
313512915
313400536
313440532
313351511
313466452
313509440
313424359
313460529
313397246
313461441
313440801
313483525
313413001
313495043
313566912
313518954
313474648
313489084
313499706
313441370
313328553
313479462
313458161
313474834
313463502
313394143
313412999
