Test ../bin/perf_recv started with parameters: 
Args {
    interface: "ens1f1",
    numpackets: 1024,
    packetsize: 0,
}
391681024
393669632
394249216
393181184
395277312
393325568
387264512
378259456
395189248
393621504
394578944
394588160
394241024
394562560
392829952
392802304
395922432
393540608
395867136
393513984
395242496
394103808
394253312
394499072
393721856
395148288
393178112
395887616
393252864
394147840
394801152
394186752
395169792
392680448
394672128
394578944
394964992
394599424
394042368
394469376
393276416
395392000
392987648
394642432
394423296
392372224
392017920
394865664
394317824
392671232
394204160
394301440
394162176
393953280
393987072
394663936
393269248
395348992
393069568
393664512
