Test ../bin/perf_recv started with parameters: 
Args {
    interface: "vale0:0",
    numpackets: 1024,
    packetsize: 0,
}
224547840
224724992
224751616
224348160
224703488
224104448
224927744
224565248
224654336
224917504
224430080
225160192
224210944
225339392
224218112
224550912
224954368
224278528
225303552
224306176
225018880
224208896
225402880
224165888
222974976
220908544
221424640
220995584
221712384
221146112
221261824
221092864
221028352
221561856
220975104
221086720
221503488
221468672
221630464
221069312
221686784
221076480
222230528
221140992
221456384
221005824
220926976
222025728
221200384
220894208
221670400
221429760
221232128
221981696
221218816
222089216
221042688
221962240
221199360
221722624
