
Test ../bin/nethuns-perf_send started with parameters 
* interface: vale0:0 
* batch_size: 1024 
* zero-copy:  OFF 
* numpackets: 1024 
* packetsize: 0 

148605073
149578968
151938038
150547717
150185607
150734373
150061386
149488944
150448264
151669211
151845936
150471652
152689323
152900609
151628037
148952147
150418001
149011899
149535878
151997340
151343643
149446880
148363765
147782580
148637808
147783269
149803339
152485311
152821878
152065881
152690934
152793234
152406540
152976351
151667934
153112410
152494518
152000409
149874615
151824453
149495659
149937464
149678199
149488944
149471553
149887504
150715138
152077927
151149273
149238309
151622922
152264343
151649371
150857867
149281275
149970777
149351862
149794821
149079744
151418322
