
Test ../bin/nethuns-perf_recv started with parameters 
* interface: vale0:0 
* numpackets: 1024 
* packetsize: 0 

227886057
228446496
227961575
227727049
228352948
227377275
228413688
227806239
227772661
227292634
227819095
227869402
227463898
227796262
227672411
227621065
228436638
227391589
228311774
227566355
228446279
227560084
228228928
227034544
227946354
227498242
227916218
228057823
227605457
228086250
227293047
227773016
227926685
227658864
228064913
227777163
227941071
227329657
228441181
227430980
228437098
227541572
227730415
227660057
227596941
227818004
227816791
228132186
226785432
228384008
227381564
228444466
227184178
227952627
227423185
227140273
227416867
227866522
227094289
228038911
