Test ../bin/perf_send started with parameters: 
Args {
    interface: "vale0:0",
    batch_size: 1024,
    zerocopy: false,
    numpackets: 1024,
    packetsize: 0,
}
147217408
147560448
147845120
149649408
149559296
149035008
147503104
146853888
147819520
147184640
147467264
149379072
149141504
149327872
149301248
148892672
149368832
149116928
147463168
147563520
147338240
148976640
149014528
149787648
149095424
147445760
145537024
145353728
144988160
145827840
145387520
146060288
146425856
146989056
148278272
149368832
147795968
147608576
149526528
148214784
147868672
148170752
147112960
149324800
149027840
147553280
147750912
147282944
147277824
147927040
147038208
147786752
147245056
147531776
148061184
147175424
147893248
147371008
147872768
149214208
