
Test ./send/nethuns-perf_send started with parameters 
* interface: enp2s0f0 
* batch_size: 1024 
* zero-copy:  OFF 
* numpackets: 1024 
* packetsize: 0 

144906691
144555987
144823030
144606016
144777038
144660355
144689674
144630403
144676974
144691308
144597244
144713543
144606201
144720735
144557973
144814828
144575497
144889946
144594642
144826537
144689275
144559716
144822962
144629856
144773612
144649317
144793660
144760375
144704476
144807349
144612492
144748441
144617673
144852078
144534620
144776701
144639413
144667591
144733469
144650725
144762386
144558274
144612417
144849926
144587830
144894358
144569085
144805440
144568533
144815754
144576086
144749570
144725433
144603037
144859840
144580962
144842687
144635193
144776493
144704152
