Test ./send/perf_send started with parameters: 
Args {
    interface: "enp2s0f0",
    batch_size: 1024,
    zerocopy: true,
    numpackets: 1024,
    packetsize: 0,
}
143803539
143073729
143275212
143095450
143248124
143111202
143266549
143038062
143155461
143108881
143173606
143184317
143138268
143220431
143089243
143257582
143059301
143282216
143044476
143305798
143055345
143291338
143057421
143117021
143239511
143107478
143247333
143109669
143310298
143058779
143311057
143083510
143303338
143055049
143155504
143164118
143152328
143217008
142997467
143221733
143130246
143129089
143241505
143100300
143227644
143002390
143089081
143209593
143012079
143295704
143002469
143328107
143004780
143126553
143224418
143045178
143303828
143042641
143332043
143062197
