
Test ./recv/nethuns-perf_recv started with parameters 
* interface: ens1f1 
* numpackets: 1024 
* packetsize: 0 

412226993
411461852
411195340
411513151
411072168
411865292
411309851
411333545
411208664
411777375
410842125
411579912
411138788
411656354
410952794
411774724
410607916
411408265
411578315
411011480
411288905
411197619
411079258
411765638
411126919
411428838
411344183
411146471
411719405
411091111
411764402
411099131
411271767
411411419
411084558
411344211
410924177
411515656
410740284
411272532
411001540
411239273
411161664
410901538
411190029
410732269
411435191
410884088
411054436
410928956
411226767
410973182
411092741
411188250
411007016
411263960
410743749
411605760
410856139
411489932
