Test ./recv/perf_recv started with parameters: 
Args {
    interface: "ens1f1",
    numpackets: 1024,
    packetsize: 0,
}
369386573
372028998
370443693
371323925
370934486
372205239
371064350
371110912
370958408
369978764
372592556
370390115
371306013
370330095
371013666
371164157
369507430
372132736
370192881
369667231
371774988
369873264
371919743
370487185
370809294
371925840
370848846
371919255
370546670
372140404
370770721
372039458
369789136
372002634
369942987
371995488
370487555
371543002
370598434
371796484
371287040
370600110
372775306
370133639
370522225
372170448
370164359
372212193
370952765
370564245
372087438
370121272
372029016
371141900
370406692
371951832
370048288
372551021
370447347
372080289
