Test ./perf_send started with parameters: 
Args {
    interface: "vale0:0",
    batch_size: 64,
    zerocopy: false,
}
118264000
118663232
118532745
118249655
118614592
118913856
118890752
118701248
118406272
118292352
114804096
113289408
112602078
113488034
108856896
103145600
102556864
100135744
101488692
102850892
99734346
105921014
118211584
117308180
111749383
112341157
111712512
111640960
105089024
96740184
97518824
98074496
97177920
99474194
98360137
115499071
116338022
114929583
114424785
111714624
109709952
110275353
110567820
104797723
100883008
100635392
100762068
99815358
100984750
114518784
116187648
110282880
110427520
110975488
111335040
102224512
99998144
98498432
97688178
96889806
9514240
