Test ./recv/perf_recv started with parameters: 
Args {
    interface: "vale0:0",
    numpackets: 1024,
    packetsize: 0,
}
232043683
232475136
231920199
231835384
232772151
231969887
232408748
231765634
232908067
231781219
232574890
231934451
231895205
232789801
231572559
232864214
231544305
232705165
231835747
232575642
232067315
232322941
232543547
232016229
232586304
231960060
233014231
231547525
232495759
232316049
231754482
232672284
231614158
231745061
232900426
231827125
232363493
232260654
232435071
232240751
231538066
232846084
231711978
232987549
231738416
232910243
231844780
232552770
232089188
232227262
232507445
232089834
232864272
231903125
232786762
232000641
233047386
231811059
232778321
231907191
