
Test ./recv/nethuns-perf_recv started with parameters 
* interface: vale0:0 
* numpackets: 1024 
* packetsize: 0 

230045205
228555481
229496061
228779862
229662130
228694145
229452172
228881152
229287663
229080205
228950894
229328464
228444853
228988560
229149031
228739838
229577475
228580889
229836171
228370436
229803631
228763522
229046407
229164822
228762341
229656295
228609953
229736286
228417179
229598870
228403726
228401187
228863908
229344926
228553822
229438219
228650739
229222221
229069654
229406139
229155447
228449247
229391411
227911609
229738598
227957901
229805330
228550515
229675290
228895183
229315294
229243943
229648780
229189550
229489624
229209334
229341075
229483639
229117824
229325064
