
Test ./send/nethuns-perf_send started with parameters 
* interface: vale0:0 
* batch_size: 1024 
* zero-copy:  OFF 
* numpackets: 1024 
* packetsize: 0 

143784460
144537370
144594380
144386220
144950916
144324840
144939663
144023055
145087992
144185718
144825087
144426117
144843875
144195889
145041642
144556038
144571383
144807696
144121263
145077768
144521256
144384174
145074699
144294150
144983652
144622035
144771366
144721348
144152369
144938640
144167135
144775123
144607188
144328127
144220833
144694609
144315633
144877260
144441823
144017579
144988280
144243487
144977015
144271532
144220836
144652469
144538423
144615690
144319631
144463698
144823311
144511912
144612951
144450158
144879063
144189875
144764858
144169388
144855777
144645841
