224768508
222065592
218476604
218160864
213599646
210273060
210441187
210856716
210617012
210670523
210947344
209330176
208238379
210398094
209598036
210418849
210374742
210010005
210344356
210029549
210508957
210311123
208945242
209741092
209667207
210267120
209425746
209578772
209336588
209679406
209405539
208963182
210408780
210025654
210403484
210268503
209665672
209583287
210181414
210113945
209832656
210095416
209787397
210663868
210066803
210009752
210231206
210436455
210377388
210665811
210200474
210330002
210199268
209907242
210083945
210385878
210315263
210367967
210313155
210443537
