216175919
215604346
215747842
215710938
215866592
215891716
215795751
215824817
215885526
215870715
215864024
215972399
215539361
215489390
215749444
215470442
215825853
214779313
215767964
216013309
215957344
215739271
215723012
215581899
215576095
215722273
215732013
215638895
215857294
215807872
215732595
215979564
215923789
215823505
215965304
215708142
215225579
214857048
214931756
214846733
214979364
215054992
216094300
216041822
216028372
215836449
216050113
215930912
215974605
215986006
214817317
216016760
215991050
215846077
215722492
215900765
215916865
215718618
215831462
215681436
