Test ./send/perf_send started with parameters: 
Args {
    interface: "vale0:0",
    batch_size: 64,
    zerocopy: false,
}
122543040
121938944
121106688
121885184
122630592
122515648
122008512
122119616
121204288
116184256
115968000
116109817
115326599
115612011
114719932
115502361
115413783
115140073
115409003
115498837
115776896
115924736
115059904
115173312
115239076
115650204
115611520
115460864
114787904
115744640
115807152
115775440
115521024
115487232
115683323
115141184
115156677
115123712
115376128
115566848
116094088
116122040
116117760
116022592
115744640
115910694
116031898
110569792
104135808
102828992
105627153
122632623
117863552
115707328
112595968
104025024
101499520
121471936
119052992
115716945
