
Test ./send/nethuns-perf_send started with parameters 
* interface: vale0:0 
* batch_size: 64 
* zero-copy:  OFF 

130488064
130274624
130279936
130280832
129944704
130313024
128912281
125585063
116593024
107698304
105796638
130296226
126656047
122549521
122541184
122772544
123090848
123138528
123015238
122748986
122917531
122985189
123502239
123504170
123533239
123559872
123571840
123446976
123289216
123161088
122901952
123240192
123409856
123298752
123420928
123409344
123371264
123499648
123203648
122693075
122722029
122911168
122829035
122922581
122907392
122789568
122908608
122946560
122431488
123093888
122946624
123219712
123723904
123722496
123427776
122861888
122937792
123317609
123446423
123457408
