Test ./send/perf_send started with parameters: 
Args {
    interface: "vale0:0",
    batch_size: 64,
    zerocopy: true,
}
143028288
141744064
141893312
141676736
141963008
142410593
142272863
142267648
142338112
142255744
142049931
141694261
141979328
141585152
140599040
141759040
142193024
142134848
141985088
141955520
142134017
141637887
141618304
142129216
142259776
142538880
142437824
141943296
141359808
141565839
141628145
141846750
141211426
141126784
141171264
141634944
141632128
141072896
140857856
140895104
141728192
141694144
142038336
141860096
141240064
141456576
141919680
142138560
141531712
141494016
141828416
141777984
141489344
141872448
141771264
131555776
118634049
123605759
122436736
121621111
