
Test ./send/nethuns-perf_send started with parameters 
* interface: vale0:0 
* batch_size: 64 
* zero-copy:  ON 

155177216
154753182
154688153
154817225
155737024
150145074
146950734
146322816
146455730
146413774
146440609
146832415
146993856
146624896
146265536
146108864
146138368
146178240
146103670
140097994
135919616
129135808
128926528
127994368
126147584
127932864
122936256
124426688
124938944
125219264
131372224
133533568
155945984
153420964
152579548
147317120
147280768
146595648
146945920
147129024
146679552
147474902
147427178
147890688
147082432
147430400
147451942
147527386
146559040
147208768
146141056
146433728
146094464
145949760
146652928
146755520
146730624
146742976
146818816
146912000
