
Test ./nethuns-perf_send started with parameters 
* interface: vale0:0 
* batch_size: 64 
* zero-copy:  OFF 

170853056
170756032
170396544
171068736
170948224
170841920
170860800
170602176
170694848
171080896
171144704
170954304
170974912
170776960
170881408
171014208
170753344
170936000
170752960
170776384
170434240
170539648
170442304
170363712
170677248
170426624
170849472
170726464
170992576
170967296
171062848
170825600
170742912
170936896
170794240
170824128
170840384
170901760
170707648
170777664
170464640
170293824
170670016
170591552
170616640
170499136
169973504
169617728
169613952
169700416
170909056
170195776
170642176
170618816
170351168
170558976
170771648
170479424
170708800
171077312
