209081207
198516196
208514332
208462218
208043208
208532592
200784832
194523912
194247567
194494150
194375968
194438945
194525070
191885650
194221194
194226220
190566429
190574488
194525509
194282026
194245415
194544051
194199826
195195246
194245728
194133190
194543041
195216234
195424317
195748552
195510654
195394390
195401650
195290333
195575324
195258056
195621525
195332265
195036795
195596087
195673048
195520878
195643414
195716708
194995760
195310128
195657891
195630086
196153979
195784069
195585633
195664287
195631283
195805036
195902270
196247580
196093305
196242355
196294006
195881812
