
Test ./send/nethuns-perf_send started with parameters 
* interface: vale0:0 
* batch_size: 1024 
* zero-copy:  OFF 
* numpackets: 1024 
* packetsize: 0 

145848088
146463933
146155614
146510364
146181113
146584096
146033250
146529405
146152941
145213545
144555297
143635338
144115125
143774990
144507421
143981376
144526119
144228855
144682713
144448233
144369219
144875206
144286579
144366601
144574029
144383845
144956436
144362268
144757933
144321563
144893819
144138654
144705396
144576716
144725638
144624579
144388266
144699258
144467153
144441346
144401352
144558297
144289035
144812811
144139261
144873584
144265506
145056285
144254253
144329955
144961146
144516688
144804080
144390312
144661407
144585705
144368829
144948870
144239931
144967688
