Test ./send/perf_send started with parameters: 
Args {
    interface: "vale0:0",
    batch_size: 1024,
    zerocopy: false,
    numpackets: 1024,
    packetsize: 0,
}
143973230
144877982
144949893
144491589
144901812
144706419
144607188
144976491
144689028
144929433
144761595
144681933
145155516
144666522
145191321
144813064
145188235
144851449
145112550
144871630
145009742
144916538
144994226
144968582
144545808
144891582
144743247
144772914
144866433
144631314
145214834
144531066
145052635
144655263
144605142
144994802
144866110
144766776
144605972
144402614
144818300
144571176
145366254
144548510
144753844
145024605
144931215
144962400
144688320
144932534
144732670
145071616
144715485
144890714
144719559
145112937
144509775
144976491
144624480
145177098
