Test ./perf_send started with parameters: 
Args {
    interface: "vale0:0",
    batch_size: 64,
    zerocopy: true,
}
131888448
131308224
118362432
130782464
130587904
130389312
130818752
130971319
130848073
128603776
126633920
123241664
119955392
110939776
100191528
123753304
128893760
117460224
105212992
112346496
111210944
91888707
104701565
127473600
123406912
123478144
123926464
123523328
123528064
123597120
124049472
123803008
123508288
123979520
124881344
125155392
125100872
125130616
125481152
125692014
125645394
125759936
125163277
125056819
124954880
125090560
125060672
125471232
126053760
125800640
125073856
125133440
125800064
125586240
125583104
125548160
125404160
125431111
125429113
125459520
12386944
