
Test ./nethuns-perf_send started with parameters 
* interface: vale0:0 
* batch_size: 64 
* zero-copy:  ON 

112948800
112633984
113275328
113246976
113328640
113265472
113280512
112492864
112832000
113072576
112547831
112799881
110634077
107694051
108116544
107483264
108060957
108327651
107774592
107769275
108302021
108685293
108238227
107779392
107869056
107707200
107897216
107874148
107956316
108260800
107723392
107389696
108680704
108772544
107806692
108507356
108897536
108781816
108930760
107848384
108044928
107976256
108800061
108688643
108700544
108089664
108083456
108062464
108542429
108761123
104961600
108804672
108843072
108532288
107555072
107542657
104382335
106999104
103859392
93440128
