
Test ./nethuns-perf_send started with parameters 
* interface: vale0:0 
* batch_size: 64 
* zero-copy:  OFF 

53519387
53432454
53609961
53630134
53631494
53607994
53640576
53545332
53602502
53419398
53402103
53588325
53362404
53356352
53354304
53566782
53580359
53481556
53363523
53559082
53541370
53566656
53510912
53566572
53484804
53490295
53390735
53456561
53553001
53607832
53590104
53591808
53614308
53529621
53437747
53505080
53448156
53463940
53557443
53514336
53599917
53501015
53492053
54142598
54181946
53687952
53653360
53665216
53759760
53529072
53517491
53538613
53559183
53558025
53410452
53461435
53347249
53370880
53456000
53639725
