
Test ./send/nethuns-perf_send started with parameters 
* interface: ens1f1 
* batch_size: 1024 
* zero-copy:  OFF 
* numpackets: 1024 
* packetsize: 0 

274450635
274366635
274994443
274653973
275442626
274288944
275185702
275107787
274940194
274514239
274656829
275264444
274573344
276116607
274305947
275627960
274555366
275280685
275421025
275300721
276277994
274321466
275774724
274790667
276662216
274216801
275942039
274730290
275333845
275278911
274544923
275978554
275040628
274454827
275253241
274436964
275826886
275340019
275228171
275855908
274990052
275785071
274743304
275610762
274167829
275113258
274650291
274897419
275955397
274311654
275429836
275459641
275957234
275589910
275597129
275155571
275094117
275867170
275255522
274362819
