Test ./send/perf_send started with parameters: 
Args {
    interface: "ens1f1",
    batch_size: 1024,
    zerocopy: false,
    numpackets: 1024,
    packetsize: 0,
}
265742235
268434931
267378988
267057811
267300849
266628237
267741101
266783248
267782595
267231066
267452357
267613506
267523386
267891061
266470466
268238205
266677352
267391267
266488657
267116849
267123879
267979427
267750188
266973793
267662517
267611393
267827141
266331520
266459673
266098136
266861623
266346257
266148916
268440517
266858687
266480666
268012224
267259221
268596336
267245888
268236637
267246292
268711558
266879521
268548759
267515582
268109530
266461229
267117395
266767062
266797126
268283694
267445333
266571050
267571903
267394228
267609363
267247970
267015920
267327955
