230178369
226968235
228092093
230065907
230370058
228322918
229748394
231097161
231238140
232011537
232459649
228787688
230678412
230942995
227969230
228446260
228554556
228988591
231863209
231233036
231801816
228102484
225570533
228006539
230555752
232068935
231380325
231374779
231414463
232114229
231920075
232731880
232285030
232115667
232243525
232246119
231584761
231294069
232221581
232182480
232467750
232467695
232281588
231990080
231454260
231866795
231501909
231576341
232095806
232198413
232544313
230748501
232140225
232271942
232470249
232402550
231347924
230624580
230978232
231231924
