277901313
278243123
277970905
278492844
278215706
278302537
278754504
278738902
278268329
278258560
278088974
277665332
277723116
278182814
278486858
278422703
278287344
277614471
278846859
277830502
278316776
278131188
278428949
277696585
277834785
278082094
278434152
278129345
278675724
278534647
278542441
278236776
278597086
278305504
278241431
277417000
278107471
278055067
278225447
278178207
278632990
278409209
278445256
278664902
278731067
278547806
278358179
277583831
278467566
278263197
278504217
278367210
278103483
277836093
277915357
278357074
278439121
278087392
278164170
278134791
