Test ./send/perf_send started with parameters: 
Args {
    interface: "enp2s0f0",
    batch_size: 1024,
    zerocopy: false,
    numpackets: 1024,
    packetsize: 0,
}
144726031
144571885
144793427
144421688
144757029
144495032
144563105
144569603
144751167
144539605
144615752
144688125
144569321
144768648
144520404
144812590
144601572
144821935
144557717
144824735
144585762
144829549
144550692
144824788
144577680
144757290
144693257
144534170
144834533
144598723
144858183
144660444
144668778
144730269
144552382
144786678
144637639
144755367
144631985
144544740
144812148
144578453
144801288
144622392
144627217
144757700
144578744
144818266
144540841
144627328
144738472
144654379
144773128
144618330
144734239
144563965
144813888
144545844
144749017
144622162
