Test ./recv/perf_recv started with parameters: 
Args {
    interface: "enp2s0f0",
    numpackets: 1024,
    packetsize: 0,
}
148392960
148186204
148227399
148310957
148183720
148293124
148204548
148341768
148061438
148218926
148241612
148295988
148250252
148227936
148282385
148132699
148288876
148232100
148278800
148270553
148275707
148248192
148238708
148173820
148310384
148162312
148258980
148272148
148219964
148248696
148257888
148166248
148249620
148298528
148143507
148286577
148170746
148323577
148128041
148325808
148162924
148175732
148341920
148182236
148204480
148310348
148184469
148271995
148168308
148263524
148258116
148124220
148342504
148220418
148350190
148196744
148319092
148198112
148217252
148302508
