
Test ./recv/nethuns-perf_recv started with parameters 
* interface: enp2s0f0 
* numpackets: 1024 
* packetsize: 0 

148007748
147855136
147909628
147894088
147895896
147849452
147890027
147952509
147781908
147971444
147843480
147953676
147787184
147929944
147790792
147904800
147898316
147906940
147874380
147819576
147900076
147911344
147684956
147964331
147865397
147993888
147857896
147993424
147810759
147911805
147881204
147873568
147917756
147833808
147959844
147805720
147944668
147787440
147979880
147813752
147879532
147829084
147981988
147879890
147783478
147964576
147866332
147976052
147857656
147965728
147815272
147965832
147865776
147846296
147961160
147888702
147956070
147805044
147953228
147862235
