135780662
135560846
134852718
134887396
135185934
135510139
135528718
135192226
135483825
135365286
135417425
135423463
135493922
135582535
135495218
135417479
135466356
134992524
135389184
135207619
135182875
135064354
135241728
135123429
135114410
135182975
135097562
135174375
135286554
135230107
135354920
135254901
135125078
135274975
135116202
135141935
134926895
134781725
134872016
135063247
135299146
135006788
135128798
133686145
134678081
135151309
135195951
135124125
135274134
134874586
135072685
134764338
135078608
135057415
134789346
134956823
134670355
134841787
135287158
134943861
