148547547
156826222
156800868
156330322
157305005
157794227
157356852
157553376
157653236
155903385
155526761
155507095
155738112
155676563
155259529
155487790
155413613
155099977
155615603
154282187
133230907
116953698
122860621
121548979
154455333
154134698
152946578
152715741
152784410
152700178
152710207
152780412
152866750
153028074
152952315
152095080
152746509
153169302
153246899
153090571
152458388
153034752
152798478
153046900
152954064
153171637
153045088
153108400
153139177
152440880
153145125
152196945
152835677
153017994
152372339
150381806
150882774
150453465
152113192
152306747
