221908518
221907571
220351298
221296551
220808838
213976910
210398920
206836131
206800447
206599677
206578921
206855544
206953607
206941341
206494681
203952805
206628952
206800131
203604573
198622594
206480070
206638975
206208033
205866080
205817595
206379408
206592335
206759462
206989163
207168809
206861164
207305570
206940334
206930740
207206133
207579965
206913404
206921065
206797221
207206485
206829399
207468944
206819659
207881606
207969391
207886901
207810790
206520955
207146950
206941252
207706757
207513820
207487633
206582770
206785688
206376242
206996827
206923533
207132653
207202725
20600686
