
Test ./nethuns-perf_send started with parameters 
* interface: vale0:0 
* batch_size: 64 
* zero-copy:  ON 

184628608
184707200
185290304
185075200
185181056
185236352
185093888
185035264
184509248
184750208
183496384
184914624
185349184
185319680
185185408
185466240
185422656
185016896
184877248
184298816
184710720
185006720
185341888
185257024
184944960
185720576
185271360
185447872
185355648
185163584
185117696
185218240
184811456
185058112
185041664
185136576
185369216
185283520
185192640
185008704
184987648
184717952
184692544
184855488
185349504
185115456
185026816
184727232
184967872
185175872
185323584
185266240
185579264
185574592
185231872
185219904
185416960
185286656
185272192
185436608
