Test ./perf_send started with parameters: 
Args {
    interface: "vale0:0",
    batch_size: 64,
    zerocopy: false,
}
192231360
193131584
193025024
192954048
192954496
193281024
193099648
192693632
191993152
191964416
192274368
191829376
191590720
190248640
192332288
192493120
192615488
192640768
191542656
192637056
191886400
191831040
192416576
192949440
193121664
193379648
192770176
193093248
193078720
192761920
192766016
192145152
192309632
191498560
192043328
192366912
192492928
192526272
192552960
192601792
192647296
191708800
190948352
190382464
191405952
192172224
192585664
192328064
191901760
192599936
192157760
191807616
192570816
192961536
192554112
192195776
192347328
192328384
192181504
192538176
