Test ./perf_send started with parameters: 
Args {
    interface: "vale0:0",
    batch_size: 64,
    zerocopy: true,
}
233989888
234947904
234878592
234376384
234601856
235003904
234381568
232966400
233366656
234609856
233735552
233318144
232622080
234244544
234271872
233412608
233779648
232833536
233365824
233764736
233217984
233879040
234841728
234328896
234929472
235419200
235285824
235113280
235137536
234365440
234762816
234685312
234273152
234429888
234379584
234947072
234436480
234956288
234865728
234912384
234624960
234638912
233125568
233822720
233930176
232975040
234614336
234939968
234560960
234530880
234013248
233939584
234205632
233896256
234775168
234807616
234408768
233764736
232940352
233584640
