
Test ./send/nethuns-perf_send started with parameters 
* interface: vale0:0 
* batch_size: 1024 
* zero-copy:  ON 
* numpackets: 1024 
* packetsize: 0 

182990149
184831548
183708294
183856859
184346416
184811088
185524119
184121586
183907779
185305197
184527717
183254082
184175805
183230553
183158943
183852537
181954872
183098586
184041792
184594212
183705225
184239231
184069413
183912894
183660213
184194696
184378905
183800364
184180920
185191644
183831751
183142901
183686811
184229001
184070436
183373773
184081689
183411624
183711363
185016711
184573752
184088850
184093965
183163035
184473498
183874020
184149207
184974768
185306220
185431026
183035160
185386014
182817261
185859663
183684765
183935400
185557878
183652029
185133863
183780866
