Test ./send/perf_send started with parameters: 
Args {
    interface: "vale0:0",
    batch_size: 1024,
    zerocopy: false,
    numpackets: 1024,
    packetsize: 0,
}
137715238
137804238
138034413
137503090
138186203
137711145
137531097
137907561
137939170
137666237
138227760
137531779
138209749
137732566
138356658
137902446
138379164
137892216
137875848
138037482
137828790
138232154
137688058
138486858
137853342
138397578
137782755
138219137
137499064
138023571
137795892
137879427
138016912
137896336
138163034
137777999
138219576
137699353
138589418
137818843
138299087
137648445
138093430
138141602
138138576
138187008
137852151
138033390
137887101
138290163
137742970
138290051
137562976
138222479
137978148
138279837
137782515
137858441
138129904
137705007
