
Test ./recv/nethuns-perf_recv started with parameters 
* interface: enp2s0f0 
* numpackets: 1024 
* packetsize: 0 

148556360
148249884
148436672
148256048
148366356
148385264
148517956
148510724
148521696
148488720
148299800
148485628
148370321
148461703
148249922
148293946
148451878
148270127
148477479
148356399
148479765
148541164
148331656
148469096
148252888
148479192
148500160
148350428
148492492
148507428
148466016
148362916
148314447
148462409
148250708
148490844
148329340
148484992
148380496
148346848
148356752
148294544
148437660
148304080
148368876
148323292
148414612
148486444
148455312
148440424
148450272
148375891
148319485
148480904
148480244
148420532
148280076
148404892
148327396
148456092
