Test ./recv/perf_recv started with parameters: 
Args {
    interface: "enp2s0f0",
    numpackets: 1024,
    packetsize: 0,
}
148890400
148721905
148790419
148613384
148781752
148682732
148799408
148794060
148803856
148801648
148678816
148699424
148727864
148799608
148806576
148749900
148646908
148700396
148798912
148729356
148685212
148682400
148683944
148777984
148802868
148797172
148758528
148628256
148728664
148701304
148703923
148684781
148736560
148699108
148797247
148788292
148727692
148779741
148650402
148806706
148792332
148787084
148739048
148790772
148803760
148725664
148724640
148676628
148763894
148694288
148795502
148632904
148759513
148712727
148803048
148787965
148786875
148728764
148702865
148719729
