Test ./recv/perf_recv started with parameters: 
Args {
    interface: "vale0:0",
    numpackets: 1024,
    packetsize: 0,
}
221712941
220610442
221270299
220433884
221004269
220482346
221341552
220477259
221212669
220569236
220988833
220780962
220909387
220908356
220282775
220419413
220718106
220328819
220794512
220338183
221209930
220091190
220986686
220028708
221253677
220293886
220998363
220405062
220844425
220667443
220488417
221119063
220266084
221113868
220701594
221074960
220640895
220939179
221082371
220208613
220563550
221351170
220175293
220974267
220421633
221300198
220445361
221273559
220065444
221234457
220394234
221207451
220113190
221025313
220666909
220930849
220953101
220436007
221159058
220106813
