
Test ./recv/nethuns-perf_recv started with parameters 
* interface: vale0:0 
* numpackets: 1024 
* packetsize: 0 

223628526
222603935
223729720
222747222
223991849
222524857
223761142
222804102
222701408
223577472
222748976
223220154
223059871
222404437
223412021
222949248
223590153
222922410
223806440
222667471
222694650
223641329
223107847
223357880
222910707
223329374
222942222
221784575
223006513
222500017
223648750
222226196
223085500
222404935
223249597
222505723
223223134
222927265
222504115
223126895
222441442
223250311
222673400
223533822
222690682
223429955
222980143
222843895
223463197
223079435
223262410
222619294
223166480
222410591
222599616
223206113
222685702
223380629
222155857
222611020
